,sp1,sp2,sp3
1e-05,1.0,0.0,0.0
2040.8163363265305,0.2532963548171545,1.3495422274688672e-06,0.746702295640618
4081.6326626530613,0.1812703169200742,8.827531807801773e-07,0.818728800326745
6122.448988979591,0.14486899928174302,6.760498605825527e-07,0.8551303246683964
8163.265315306122,0.1219554512029694,5.545260714924959e-07,0.8780439942709591
10204.081641632652,0.1059161361320861,4.730955336727228e-07,0.8940833907723802
12244.897967959183,0.09392731718413394,4.14091911673244e-07,0.9060722687239544
14285.714294285714,0.08457236591556175,3.690934061338697e-07,0.9154272649910321
16326.530620612244,0.07703869264075111,3.3351947921814704e-07,0.9229609738397696
18367.346946938775,0.07082457624432367,3.04589817326463e-07,0.929175119165859
20408.163273265305,0.06558680355950403,2.805083217063239e-07,0.9344129159321742
22448.979599591836,0.061122751733839464,2.6019258352481627e-07,0.938876988073577
24489.795925918366,0.05725894712194083,2.427585516787289e-07,0.9427408101195075
26530.612252244897,0.05387163631308925,2.2759087155476145e-07,0.9461281360960392
28571.428578571427,0.05088610162267472,2.143141602396575e-07,0.949113684063165
30612.244904897958,0.048232623249857706,2.0257944001752129e-07,0.9517671741707022
32653.06123122449,0.04585021091800724,1.9209669393031333e-07,0.9541495969852988
34693.87755755102,0.0436978384655476,1.826720493644583e-07,0.956301978862403
36734.69388387755,0.0417484597751962,1.7417459989699956e-07,0.9582513660502039
38775.510210204084,0.03997502872967045,1.6647343910498056e-07,0.9600248047968905
40816.326536530614,0.03835262535937927,1.5944970061914264e-07,0.9616472151909201
42857.142862857145,0.036859562170879566,1.5300762635413522e-07,0.963140284821494
44897.959189183675,0.03547979863605817,1.4707177999410537e-07,0.9645200542921618
46938.775515510206,0.03420315668131146,1.4159509193944057e-07,0.9657967017235966
48979.59184183674,0.033019458233035814,1.365304925905283e-07,0.9669804052364716
51020.40816816327,0.031918525217627634,1.3183091234775592e-07,0.96808134295146
53061.2244944898,0.030891352235194316,1.274546259317155e-07,0.9691085203101797
55102.04082081633,0.029930211848288937,1.2336773165316262e-07,0.9700696647839794
57142.85714714286,0.02902656756002362,1.1953252760324362e-07,0.9709733129074487
59183.67347346939,0.02817658831561996,1.1593181827395339e-07,0.9718232957525618
61224.48979979592,0.027376443060299547,1.1254840815728675e-07,0.9726234443912922
63265.30612612245,0.026622300739283976,1.0936510174523851e-07,0.9733775898956142
65306.12245244898,0.025910330297794843,1.0636470352980351e-07,0.9740895633375016
67346.93877877551,0.025236700681053742,1.0353001800297662e-07,0.9747631957889282
69387.75510510204,0.02459758083428226,1.0084384965675264e-07,0.9754023183218681
71428.57143142857,0.023992487563037474,9.830087854295587e-08,0.9760074141360839
73469.3877577551,0.02341582672797365,9.588061125820836e-08,0.9765840773914151
75510.20408408163,0.022865901521279996,9.35757930308055e-08,0.9771340049029269
77551.02041040816,0.022341345438294944,9.138027360356369e-08,0.9776585631814314
79591.8367367347,0.021840791974356934,8.928790271929932e-08,0.9781591187377403
81632.65306306123,0.0213628746248044,8.72925301208288e-08,0.9786370380826654
83673.46938938776,0.02090622688497578,8.538800555096853e-08,0.9790936877270187
85714.28571571429,0.02046948225020951,8.356817875253488e-08,0.9795304341816117
87755.10204204082,0.02005127421584403,8.182689946834425e-08,0.9799486439572564
89795.91836836735,0.019650236277217775,8.015801744121306e-08,0.9803496835647647
91836.73469469388,0.019265001929669182,7.855538241395768e-08,0.9807349195149484
93877.55102102041,0.018894609358340784,7.70157432867155e-08,0.9811053136259159
95918.36734734694,0.01853841645252539,7.553678422549614e-08,0.9814615080106904
97959.18367367347,0.018195656514736598,7.411477602156487e-08,0.9818042693704874
100000.0,0.01786557266161696,7.274607049026055e-08,0.9821343545923126
