,sp1,sp2,sp3
1e-05,1.0,0.0,0.0
2040.8163363265305,0.2532959281204054,1.3495392639943328e-06,0.7467027223403303
4081.6326626530613,0.18127014391349053,8.827521505631215e-07,0.8187289733343587
6122.448988979591,0.1448688261255914,6.760488143657363e-07,0.855130497825594
8163.265315306122,0.12195535966225772,5.545255884732512e-07,0.8780440858121537
10204.081641632652,0.10591601970223326,4.7309498973566553e-07,0.8940835072027769
12244.897967959183,0.09392726723661517,4.140915510557544e-07,0.9060723186718336
14285.714294285714,0.0845722642485698,3.690929345020249e-07,0.9154273666584956
16326.530620612244,0.07703868843597984,3.3351939873164236e-07,0.9229609780446213
18367.346946938775,0.0708244134571769,3.0458903591071733e-07,0.929175281953787
20408.163273265305,0.06558679697438907,2.8050840700383214e-07,0.9344129225172036
22448.979599591836,0.06112275156340283,2.6019230709164495e-07,0.9388769882442898
24489.795925918366,0.05725879766932205,2.4275784472899133e-07,0.942740959572833
26530.612252244897,0.05387156921085199,2.2759062525970647e-07,0.9461282031985225
28571.428578571427,0.05088617714637711,2.14314546725928e-07,0.949113608539076
30612.244904897958,0.048232750574393995,2.0257991197040462e-07,0.9517670468456938
32653.06123122449,0.04585001982291308,1.9209580503743614e-07,0.9541497880812817
34693.87755755102,0.04369770464090805,1.826715264739969e-07,0.9563021126875653
36734.69388387755,0.04174851124197177,1.7417493806340587e-07,0.95825131458309
38775.510210204084,0.03997514583969707,1.6647390158898197e-07,0.9600246876864011
40816.326536530614,0.0383527748927306,1.5945035063276457e-07,0.9616470656569186
42857.142862857145,0.03685941502494681,1.530069560728633e-07,0.963140431968097
44897.959189183675,0.0354796263386755,1.4707103789607135e-07,0.9645202265902864
46938.775515510206,0.034203102657195186,1.415949157673087e-07,0.9657967557478888
48979.59184183674,0.033019537803784395,1.3653090935149525e-07,0.966980325665306
51020.40816816327,0.03191862560172165,1.31831338313551e-07,0.9680812425669398
53061.2244944898,0.03089164790024695,1.2745582334826098e-07,0.9691082246439294
55102.04082081633,0.029930147023141385,1.233673761038244e-07,0.9700697296094822
57142.85714714286,0.029026359392404458,1.1953159614034034e-07,0.9709735210759992
59183.67347346939,0.02817639010468172,1.1593099326060911e-07,0.9718234939643248
61224.48979979592,0.027376344256618727,1.1254807726743106e-07,0.9726235431953038
63265.30612612245,0.026622326944861028,1.0936535796360657e-07,0.9733775636897808
65306.12245244898,0.025910443266054174,1.0636534515193595e-07,0.9740894503686004
67346.93877877551,0.025236798316843712,1.0353054863521959e-07,0.9747630981526074
69387.75510510204,0.024597830438119892,1.0084460221941626e-07,0.9754020687172776
71428.57143142857,0.02399265293129713,9.830116142300308e-08,0.9760072487675412
73469.3877577551,0.023415743490261504,9.588001516129004e-08,0.9765841606297231
75510.20408408163,0.022865704444839617,9.357487249902361e-08,0.9771342019802877
77551.02041040816,0.02234113812485807,9.137944250095022e-08,0.9776587704956992
79591.8367367347,0.021840646860143458,8.92874342318163e-08,0.9781592638524221
81632.65306306123,0.02136283298052238,8.729255675636832e-08,0.9786370797269206
83673.46938938776,0.02090629881582144,8.53885191393527e-08,0.9790936157956592
85714.28571571429,0.02046964669586723,8.356903044551589e-08,0.9795302697351022
87755.10204204082,0.020051478950486354,8.182779973960435e-08,0.9799484392217137
89795.91836836735,0.019650397909505412,8.015853608636449e-08,0.9803495219319582
91836.73469469388,0.01926504313983251,7.85552525105854e-08,0.9807348783049148
93877.55102102041,0.018894639192481452,7.701583621408138e-08,0.9811052837916822
95918.36734734694,0.01853844030112744,7.553690938575246e-08,0.981461484161963
97959.18367367347,0.018195681957780062,7.411488662366506e-08,0.9818042439273331
100000.0,0.01786559965444891,7.274618252588556e-08,0.9821343275993684
